   0.0000000e+00  -1.6402995e-14   0.0000000e+00  -5.5511151e-17   1.0121005e-17  -6.9388939e-18
   3.5896867e-02   2.0511352e-02   2.9834529e-02   8.4422098e-04  -2.2949632e-04   8.9263647e-04
   4.9897542e-02   2.8915236e-02   2.0379102e-02   1.9955454e-03  -3.5264542e-04   1.3520359e-03
   3.6196406e-02  -3.1888902e-02  -1.1065073e-02   1.3568874e-03   7.6417374e-05   1.0958049e-03
   4.3225507e-02  -9.4131884e-03   6.5820107e-03  -7.3718355e-05   1.5857262e-04   1.3190902e-03
   3.4485011e-02   5.8684751e-03   5.6205861e-03  -9.2108061e-04   3.1956605e-04   1.3227677e-03
   2.6096831e-02   7.4432541e-04  -2.2014364e-02  -8.5702003e-04   3.1100174e-04   1.2400626e-03
   2.0664788e-02   5.0498761e-02   1.9482075e-02  -1.8448914e-03   7.8977906e-04   1.2958297e-03
   2.3795105e-02   6.6322371e-02   4.7786535e-02  -2.4231549e-03   7.5670312e-04   1.3661931e-03
   2.6131139e-02   4.1484952e-02   3.7897412e-02  -2.6280728e-03   8.3622390e-04   1.3610777e-03
   2.6624024e-02   5.2861828e-02   5.5268666e-02  -2.9275700e-03   6.0705669e-04   1.3034965e-03
   2.6741949e-02   4.1253153e-02   2.4317247e-02  -2.2592481e-03   4.8639231e-04   1.2906446e-03
   4.7029726e-02   5.3740935e-02   4.6553148e-02  -3.1827420e-04  -4.4643703e-04   1.4891771e-03
   6.4831478e-02   7.1431262e-02   4.3936420e-02   7.9714022e-04  -3.8761798e-04   1.7681068e-03
   7.1812991e-02   5.3781793e-02   3.1306420e-02   2.0107230e-03  -1.1349242e-03   1.6239343e-03
   7.1730745e-02   8.4889095e-02   8.5229450e-02   5.6580501e-04  -1.0978006e-03   1.5874166e-03
   8.1328184e-02  -5.9757736e-02   8.8815357e-02   3.3990312e-04  -1.6441007e-03   1.3433687e-03
   6.4513675e-02  -3.2256795e-02   8.7684048e-02  -9.0048357e-04  -9.5646071e-04   1.3918947e-03
   5.0256570e-02  -1.6224561e-02   7.4203447e-02  -6.5437603e-04  -4.7877107e-05   1.2748011e-03
   7.0426792e-02   2.7384285e-02   1.2140863e-01  -2.4464508e-04  -1.4367144e-04   1.7246983e-03
   2.5865176e-02   1.2094896e-02   8.3446032e-02  -1.1987156e-04  -4.7095381e-04   5.5602744e-04
   1.7668678e-02   8.2586080e-03   8.3034588e-02  -5.4393653e-04  -3.6008673e-04   4.7416240e-04
   2.9731013e-02   4.1633582e-02   8.9374470e-02  -9.5152431e-04   6.7882106e-05   8.9816649e-04
   4.3649185e-02   5.8855613e-02   1.1666314e-01  -1.3167497e-03   2.2024586e-04   1.2510619e-03
   4.8054314e-02   7.0249427e-02   1.3348965e-01  -1.8945174e-03   3.2569490e-04   1.4541794e-03
   5.5794758e-02   1.0168038e-01   1.7837739e-01  -2.1432102e-03   6.5987078e-04   1.7784700e-03
   5.2281883e-02   8.9648623e-02   1.7954252e-01  -2.2145851e-03   9.7499638e-04   1.8704071e-03
   6.3359557e-02   1.3259398e-01   2.3550202e-01  -2.2934353e-03   6.1397006e-04   1.8703884e-03
   8.7798586e-02   1.6586226e-01   2.5662997e-01  -1.2109213e-03  -7.9872235e-04   2.1283297e-03
   8.5851712e-02   6.4728253e-02   2.1985411e-01  -1.6186699e-03  -8.6921104e-04   1.9127484e-03
   6.6744239e-02   4.7826573e-02   1.8303759e-01  -1.5572046e-03  -6.1002145e-06   1.6532637e-03
   6.7831207e-02   6.5958022e-02   1.7253361e-01  -1.4023964e-03  -2.2959807e-04   1.4497867e-03
   7.1181371e-02   7.1115926e-02   1.7409264e-01  -1.5316383e-03  -4.7651216e-04   1.3444292e-03
   8.6806697e-02   1.2146318e-01   2.4434511e-01  -1.4336083e-03  -9.0848442e-04   1.4986258e-03
   8.9152325e-02   1.2796444e-01   2.4543939e-01  -8.3387620e-04  -1.6796357e-03   1.5314298e-03
   8.1081897e-02   2.7168125e-02   2.0520551e-01  -1.1638294e-03  -1.9670580e-03   1.2569269e-03
   5.3017047e-02   1.7987675e-02   2.0314102e-01  -1.1870597e-03  -1.4987336e-03   8.6688804e-04
   4.5371891e-02   5.9383770e-02   2.0422516e-01  -1.1733835e-03  -1.3598476e-03   7.7903853e-04
   4.5779419e-02   6.0239913e-02   2.1408803e-01  -1.2011490e-03  -1.2067300e-03   6.8316443e-04
   3.7985466e-02   7.9676144e-02   2.2745496e-01  -1.4368917e-03  -9.7929487e-04   5.3376861e-04
   4.3775885e-02   8.1981533e-02   2.3772973e-01  -1.3524833e-03  -9.8937742e-04   5.5775039e-04
   6.2064780e-02   1.5140204e-01   3.2383303e-01  -1.5831748e-03  -1.6534129e-03   7.9953172e-04
   7.2875359e-02   1.2099926e-01   2.5829231e-01  -8.5366166e-04  -1.8108344e-03   1.0672296e-03
   5.0329172e-02  -2.9648109e-03   1.3932491e-01   1.7829913e-04  -1.4724983e-03   6.7163899e-04
   4.8715716e-02   5.9574198e-02   1.7737491e-01  -9.7416248e-05  -9.3357435e-04   8.1531227e-04
   5.5798542e-02   8.5738405e-02   1.7365759e-01  -2.7517535e-04  -7.3358239e-04   1.1875800e-03
   6.3024876e-02   1.0250901e-01   2.0348938e-01  -1.0343853e-03  -4.4335949e-04   1.3729511e-03
   7.4269064e-02   1.1174292e-01   2.2137584e-01  -1.0529520e-03  -3.9075463e-04   1.5851051e-03
   7.8379019e-02   1.2509046e-01   2.4744839e-01  -1.3502725e-03  -3.1019359e-04   1.6535879e-03
   7.7084789e-02   1.6905392e-01   2.6997211e-01  -1.8585905e-03  -4.3076829e-04   1.6784648e-03
   8.0228430e-02   9.8911423e-02   2.2326672e-01  -1.4585127e-03  -4.0853031e-04   1.6394071e-03
   8.5735731e-02   1.0184315e-01   2.2762144e-01  -1.2804809e-03  -4.6464668e-04   1.6628181e-03
   8.2813952e-02   9.5683340e-02   2.1364649e-01  -1.0033502e-03  -2.5748179e-04   1.6225411e-03
   9.9341817e-02   1.0761094e-01   2.2560507e-01  -4.1442132e-04  -7.8088434e-04   1.7684006e-03
   1.0624568e-01   1.5620296e-01   2.7483931e-01  -2.7716171e-04  -8.6645795e-04   1.8935553e-03
   9.6944353e-02   1.2905512e-01   2.6243446e-01  -3.9010200e-04  -1.5139622e-03   1.5017611e-03
   1.0222015e-01   2.8398975e-02   2.2823557e-01  -1.9361675e-04  -2.0258299e-03   1.4282523e-03
   9.3408943e-02   4.8901668e-02   2.5064011e-01  -4.8660995e-04  -1.4173207e-03   1.3298207e-03
   8.0377464e-02   6.6176339e-02   2.4113958e-01  -5.8975026e-04  -1.1754925e-03   1.2333325e-03
   7.9519560e-02   1.1079110e-01   2.7204494e-01  -6.3336247e-04  -1.4496696e-03   9.8416635e-04
   9.7781724e-02   1.2148233e-01   2.8716279e-01  -3.3520061e-04  -1.8891169e-03   1.3314717e-03
   1.0996129e-01   3.5784402e-02   2.6584114e-01   2.0886894e-04  -1.5706274e-03   1.7813367e-03
   1.0922699e-01   6.7067531e-02   2.7656489e-01   4.7708687e-04  -1.0728780e-03   1.9004510e-03
   1.0107028e-01   7.9152665e-02   2.5302998e-01  -9.6303398e-05  -8.5806719e-04   1.8755187e-03
   1.0666759e-01   7.8150088e-02   2.2867562e-01   2.2575549e-04  -5.3522293e-04   2.1175611e-03
   1.0822211e-01   1.3982857e-01   2.7282875e-01  -2.8732651e-04  -3.3727310e-04   2.1581266e-03
   1.1790617e-01   1.5333006e-01   2.8167556e-01  -1.7868742e-04  -4.4242859e-04   2.3849885e-03
   1.1407435e-01   8.4515276e-02   2.3319615e-01   6.9189634e-04  -3.9127733e-04   2.2854730e-03
   1.1462700e-01   1.0486307e-01   2.4127712e-01   8.2555342e-04  -1.6918854e-04   2.3759613e-03
   1.0723649e-01   9.7766577e-02   2.3052297e-01   1.2790660e-03  -2.7355926e-04   2.2236480e-03
   1.1400622e-01   1.6695374e-01   3.2307664e-01   3.8882595e-04  -2.0914108e-04   2.0922973e-03
   1.1386190e-01   1.6220309e-01   3.2029326e-01   1.6951221e-05  -4.2483894e-04   2.0932513e-03
   1.1770581e-01   3.4275192e-02   2.3875513e-01   1.8529295e-03  -1.0339150e-03   2.0296414e-03
   1.0453894e-01   4.6431462e-02   2.4707205e-01   1.5268898e-03  -5.5860898e-04   1.8385292e-03
   9.5882173e-02   6.7467645e-02   2.4606820e-01   9.0126562e-04  -6.1274746e-04   1.5780740e-03
   8.9963718e-02   9.0513396e-02   2.7422601e-01   3.1702990e-04  -5.5083752e-04   1.4859299e-03
   8.9742385e-02   1.4708591e-01   3.2435632e-01  -7.7706816e-04  -4.2945889e-04   1.5537216e-03
   8.5972628e-02   6.6591984e-02   2.7818780e-01  -9.7909983e-05  -3.8065742e-04   1.4879591e-03
   8.4017125e-02   7.1462084e-02   2.7189713e-01   3.5398979e-04  -2.9348794e-04   1.4244939e-03
   7.2673250e-02   7.8290780e-02   2.5154329e-01   7.9720434e-04  -3.2823465e-05   1.3173857e-03
   7.7560460e-02   8.0822017e-02   2.3112552e-01   2.1221362e-03  -3.2064049e-04   1.2803609e-03
   8.9390222e-02   1.0334412e-01   2.1396934e-01   3.5758755e-03  -1.0206403e-03   1.3494935e-03
   1.0017108e-01   4.8408112e-02   2.0986657e-01   3.0551293e-03  -1.0676392e-03   1.5681570e-03
   1.0006372e-01   5.3384666e-02   2.4106638e-01   2.3671709e-03  -7.1882539e-04   1.7365510e-03
   9.2215964e-02   6.6467885e-02   2.3650505e-01   2.1252440e-03  -1.9279183e-04   1.8563377e-03
   1.0105741e-01   1.4792251e-01   3.0195048e-01   1.2911888e-03  -3.9309347e-05   2.0381272e-03
   1.0480642e-01   1.0742605e-01   2.6953965e-01   1.2679668e-03  -2.3370172e-04   2.0870347e-03
   1.0555118e-01   6.3673010e-02   2.3341331e-01   2.0311367e-03   2.3580677e-04   2.2279343e-03
   1.0820283e-01   8.4824621e-02   2.4301903e-01   1.9416072e-03   4.1190847e-04   2.3025257e-03
   1.1548332e-01   1.3010726e-01   2.8018423e-01   1.8713388e-03   3.2825133e-04   2.3958955e-03
   1.2167849e-01   1.4473870e-01   3.1103070e-01   1.5371758e-03   2.1825867e-04   2.3575979e-03
   1.0950587e-01   4.2324503e-02   2.2711484e-01   2.7306724e-03   1.5492989e-04   2.1277823e-03
   1.0209665e-01   7.6175052e-02   2.4019391e-01   2.0828769e-03   3.9697531e-05   1.8493552e-03
   9.9741005e-02   8.6075541e-02   2.3952042e-01   2.2410479e-03   1.6947431e-04   1.7704036e-03
   1.1129398e-01   1.7526129e-01   3.1216916e-01   1.0914160e-03   8.0814799e-05   1.9689511e-03
   1.0769441e-01   1.0198881e-01   2.5499122e-01   1.7119708e-03  -6.4314808e-04   1.7621253e-03
   1.0142511e-01   4.2728195e-02   2.3281622e-01   2.5283349e-03  -8.8924711e-04   1.4822265e-03
   7.9793526e-02   4.0222595e-02   2.0644218e-01   3.1343054e-03  -7.0018248e-04   1.3227079e-03
   8.3419431e-02   3.7176005e-02   1.9148738e-01   4.0836240e-03  -8.0596207e-04   1.5050556e-03
   1.0099185e-01   1.4332967e-01   2.8500061e-01   2.8985479e-03  -4.0656320e-04   1.9884271e-03
   1.0204736e-01   8.2893933e-02   2.4809756e-01   3.4709341e-03  -3.4827695e-04   2.1274874e-03
   9.7914379e-02   6.5581982e-02   2.4228553e-01   3.6614462e-03  -3.7494388e-04   1.9522295e-03
   9.5227633e-02   6.4257280e-02   2.2587709e-01   3.6465828e-03  -4.7932192e-05   2.0484638e-03
   9.8485962e-02   9.9496073e-02   2.5275575e-01   3.0052175e-03   1.0961316e-04   2.0236559e-03
   1.0536922e-01   1.5774657e-01   2.8447009e-01   2.6059032e-03   7.0741882e-05   2.1116852e-03
   9.8577850e-02   8.6533343e-02   2.3436839e-01   3.0754930e-03   7.5629100e-05   1.9176576e-03
   9.3485797e-02   6.3405186e-02   1.9694965e-01   3.4459928e-03   3.2527827e-04   1.8783837e-03
   9.9758353e-02   1.1647642e-01   2.4513091e-01   2.8770135e-03   4.7258799e-04   1.9422168e-03
   1.0509283e-01   1.2077089e-01   2.6734552e-01   2.7844664e-03   2.3263716e-04   2.0385936e-03
   9.3867205e-02   1.7058573e-02   1.7124524e-01   4.1216951e-03  -5.3630914e-05   1.7037342e-03
   9.3798084e-02   4.8144762e-02   2.1348738e-01   3.5394978e-03  -8.9529497e-05   1.5670098e-03
   9.8545388e-02   5.4804649e-02   2.0866080e-01   4.0861213e-03   5.6492605e-05   1.7375915e-03
   1.1138782e-01   1.2961931e-01   2.8347945e-01   2.6345240e-03   7.6045936e-05   2.0496225e-03
   1.1963854e-01   1.3127648e-01   2.9231930e-01   2.2595010e-03  -5.0795027e-05   2.2923199e-03
   1.1698318e-01   3.5499581e-02   2.4463612e-01   3.2264825e-03  -7.3688639e-04   1.9551206e-03
   9.8261753e-02   4.2449934e-02   2.5837063e-01   3.0594184e-03  -4.5886795e-04   1.6346189e-03
   7.9342110e-02   4.0492322e-02   2.0943561e-01   4.1301153e-03  -1.3251490e-05   1.5865973e-03
   9.0467157e-02   9.3027559e-02   2.1672005e-01   4.2008798e-03  -5.5341907e-04   1.7947945e-03
   1.0860853e-01   1.1152668e-01   2.7004285e-01   3.5765894e-03  -4.5429616e-04   2.1041800e-03
   1.0974927e-01   6.5408457e-02   2.9098354e-01   3.6283821e-03  -2.8055308e-04   1.9546798e-03
   1.0685171e-01   6.6441286e-02   2.9654762e-01   3.2676510e-03   8.9395179e-06   1.9957810e-03
   1.0764107e-01   1.2601589e-01   3.3360745e-01   2.7719123e-03   1.6579480e-04   2.0059968e-03
   1.1205853e-01   1.2301896e-01   3.3056416e-01   2.6160292e-03   1.5918163e-04   2.1329627e-03
   1.0706184e-01   6.7572132e-02   2.8603964e-01   3.3629687e-03   3.9282084e-04   2.1325182e-03
   1.0524623e-01   8.6360116e-02   2.8300401e-01   3.0971156e-03   3.5511444e-04   2.0849421e-03
   1.1363375e-01   1.2771368e-01   3.1607901e-01   3.2357176e-03   6.6435853e-04   2.2634086e-03
   1.1505207e-01   1.0616593e-01   3.2857365e-01   2.8526302e-03   6.7755908e-04   2.2629103e-03
   1.0272050e-01   4.5267411e-02   2.6690090e-01   3.3069545e-03   3.9523896e-04   2.0872798e-03
   1.0602833e-01   6.0204953e-02   2.6726714e-01   3.7069780e-03   2.6031849e-05   2.0592393e-03
   1.1964530e-01   1.2204303e-01   3.4245628e-01   2.7757218e-03   3.2648596e-04   2.3140234e-03
   1.2971913e-01   1.5038704e-01   3.9075284e-01   1.7078495e-03  -4.1952747e-05   2.3416015e-03
   1.2777074e-01   6.0652713e-02   3.4116964e-01   2.4605785e-03  -3.3858731e-04   2.1356617e-03
   1.1599798e-01   4.6666944e-02   3.2662286e-01   2.7122254e-03  -2.8072908e-04   1.8914631e-03
   1.1544812e-01   4.9174451e-02   3.0854253e-01   3.1209261e-03  -4.2839729e-04   1.9570267e-03
   1.1083645e-01   8.7131228e-02   3.2867358e-01   2.8689961e-03  -1.1913857e-04   1.9642823e-03
   1.1660207e-01   1.4479690e-01   3.6082799e-01   2.2800582e-03  -2.1415935e-04   2.1053247e-03
   1.2256989e-01   7.0084317e-02   2.9503793e-01   3.2375390e-03  -4.1223473e-04   2.1616577e-03
   1.1929332e-01   6.2182102e-02   2.6848919e-01   3.5588915e-03  -3.1737229e-04   2.0567950e-03
   1.0759064e-01   7.7760034e-02   2.5095963e-01   3.6921676e-03   1.0475769e-04   2.0063596e-03
   1.0696354e-01   1.2702430e-01   2.9059119e-01   3.0424441e-03   3.0236313e-04   2.0022875e-03
   1.0831627e-01   1.6253169e-01   3.2139082e-01   2.6262228e-03   3.5702735e-04   2.1477508e-03
   1.1049446e-01   6.6261698e-02   2.6210952e-01   3.3746130e-03   3.3441490e-04   2.2562549e-03
   1.0994336e-01   1.0015147e-01   2.9387178e-01   2.7882501e-03   3.4754470e-04   2.1873882e-03
   1.1316267e-01   1.3469235e-01   3.1588536e-01   2.6143462e-03   4.2760248e-04   2.2889583e-03
   1.1984780e-01   7.9511089e-02   2.8732001e-01   2.6841093e-03   7.1984877e-05   2.4723635e-03
   1.2698522e-01   6.6775499e-02   3.0300491e-01   2.7636891e-03   1.0622228e-05   2.3758806e-03
   1.3821039e-01   1.3790593e-01   3.3312189e-01   2.5923200e-03  -3.7524434e-04   2.4741333e-03
   1.5241200e-01   1.6333176e-01   3.3503149e-01   2.4526350e-03  -1.2597983e-03   2.4638105e-03
   1.5489234e-01   8.2131879e-02   3.2688747e-01   2.6439443e-03  -1.3201312e-03   2.3732783e-03
   1.4187427e-01   3.0523509e-02   2.9351930e-01   2.6306659e-03  -1.0263658e-03   2.2851047e-03
   1.2833095e-01   6.8195200e-02   2.8807301e-01   2.8811803e-03  -5.2546095e-04   2.1571078e-03
   1.4352245e-01   1.1651172e-01   3.3436009e-01   2.7652427e-03  -9.5537562e-04   2.4293726e-03
   1.5303391e-01   1.3504522e-01   3.3413810e-01   3.8392234e-03  -1.3048574e-03   2.4548118e-03
   1.4969341e-01   6.0818802e-02   3.0184233e-01   4.2485829e-03  -1.4419591e-03   2.3915256e-03
   1.3124769e-01   5.9128515e-02   3.1441159e-01   3.8019404e-03  -8.1390887e-04   2.2236013e-03
   1.1808688e-01   6.0270291e-02   2.9474778e-01   3.8156743e-03  -1.2221359e-04   2.2817513e-03
   1.2511564e-01   1.2182540e-01   3.4836030e-01   3.2046046e-03  -1.0164418e-04   2.3988618e-03
   1.2960507e-01   1.4551615e-01   3.6856871e-01   2.9015145e-03  -6.4794509e-05   2.3832275e-03
   1.2948673e-01   8.4673424e-02   3.3398823e-01   3.2874990e-03   7.7029568e-05   2.3463430e-03
   1.3058061e-01   9.8373151e-02   3.4508016e-01   3.4030728e-03   3.2554513e-04   2.4141059e-03
   1.2900035e-01   8.5903640e-02   3.1829694e-01   3.8139240e-03   3.2577463e-04   2.4185603e-03
   1.4959042e-01   1.3317664e-01   3.8154325e-01   3.1169671e-03   1.2413467e-04   2.7678979e-03
   1.5802953e-01   1.9294657e-01   3.9281230e-01   2.8183137e-03  -3.2491583e-04   2.9257148e-03
   1.6351871e-01   1.3476199e-01   3.7918891e-01   3.1466719e-03  -9.9204677e-04   2.5290283e-03
   1.4956445e-01   7.7173248e-02   3.8847740e-01   2.8522363e-03  -9.7331217e-04   2.1083257e-03
   1.4293238e-01   2.0574112e-02   3.8582138e-01   2.7010278e-03  -1.0336247e-03   1.7809350e-03
   1.5802437e-01   4.1565697e-02   3.8867658e-01   3.4141692e-03  -1.3615010e-03   2.1776843e-03
   1.7050263e-01   8.2893326e-02   3.7745689e-01   3.3791717e-03  -1.7192936e-03   2.5592838e-03
   1.6429676e-01   9.3455274e-02   3.6215845e-01   4.0037785e-03  -1.5299178e-03   2.3975129e-03
   1.8757557e-01   1.1257313e-01   4.1787229e-01   3.9197327e-03  -1.8334140e-03   2.7704170e-03
   1.8194580e-01   9.4690766e-02   4.2393029e-01   3.8450129e-03  -1.5371682e-03   2.8321889e-03
   1.7029416e-01   1.3522111e-01   4.2834898e-01   3.8581897e-03  -1.7405646e-03   2.4943683e-03
   1.8008566e-01   1.0988369e-01   4.1302992e-01   4.3875489e-03  -1.9203059e-03   2.5950462e-03
   1.7264743e-01   6.8312425e-02   3.8714097e-01   4.5911760e-03  -1.8382261e-03   2.5882393e-03
   1.7366532e-01   7.9127310e-02   4.0672852e-01   4.4617358e-03  -1.7703966e-03   2.5444903e-03
   1.7052056e-01   8.0674067e-02   4.0021600e-01   4.6600073e-03  -1.4770369e-03   2.5777365e-03
   1.7481032e-01   1.0268249e-01   4.0666617e-01   4.6278881e-03  -1.2366960e-03   2.6918012e-03
   1.9186641e-01   1.7608322e-01   4.6707936e-01   4.1439123e-03  -1.0264404e-03   2.9194752e-03
   1.9386738e-01   1.0236504e-01   4.2813562e-01   4.8380179e-03  -1.0930384e-03   2.9205848e-03
   1.7840239e-01   6.9468885e-02   4.2137873e-01   4.4775508e-03  -1.1611763e-03   2.6650321e-03
   1.7523144e-01   1.6448209e-01   4.7460313e-01   3.7128430e-03  -1.1652393e-03   2.4219337e-03
   1.7785565e-01   1.2789591e-01   4.5158112e-01   4.1388344e-03  -1.6289603e-03   2.4781332e-03
   1.9296236e-01   4.3107697e-02   3.8070119e-01   5.5466706e-03  -2.4040121e-03   2.4346382e-03
   1.9716592e-01   6.1977907e-02   3.8574107e-01   5.6010612e-03  -2.2921929e-03   2.5113054e-03
   1.9937103e-01   7.5498751e-02   3.9514431e-01   5.2120656e-03  -2.2583363e-03   2.6018500e-03
   2.0237699e-01   1.1496666e-01   4.2422612e-01   4.6052778e-03  -2.2735475e-03   2.5946596e-03
   2.1086680e-01   1.5043128e-01   4.5126220e-01   4.4124526e-03  -2.2944522e-03   2.7985481e-03
   2.1909717e-01   6.5657773e-02   4.1999723e-01   5.3827948e-03  -2.5823215e-03   2.7713683e-03
   2.2044969e-01   4.8628186e-02   4.0381697e-01   5.8509605e-03  -2.9912363e-03   2.7437643e-03
   2.2242656e-01   7.1433587e-02   4.2161735e-01   5.6230544e-03  -2.9743219e-03   2.8976616e-03
   2.1763417e-01   8.7697058e-02   4.2943888e-01   5.6283762e-03  -2.5906127e-03   2.9750572e-03
   2.1549613e-01   1.0867503e-01   4.5093852e-01   5.2002063e-03  -2.2708849e-03   3.0675731e-03
   2.2569128e-01   1.5214046e-01   4.8809500e-01   4.7662250e-03  -2.2736670e-03   3.1466086e-03
   2.2387863e-01   7.7276923e-02   4.3676590e-01   5.4573569e-03  -2.4005370e-03   2.9932430e-03
   2.1312889e-01   5.8690807e-02   4.1607313e-01   5.6822366e-03  -1.9832647e-03   2.8702071e-03
   2.0960736e-01   7.8797173e-02   4.0540825e-01   5.8453573e-03  -1.8247950e-03   2.9318185e-03
   2.0999880e-01   7.9092525e-02   3.8971957e-01   5.9885770e-03  -1.7058634e-03   3.0264988e-03
   2.1333396e-01   1.0250203e-01   4.0634017e-01   6.4703466e-03  -1.5284716e-03   3.1861595e-03
   2.2296088e-01   1.6320077e-01   4.4135796e-01   5.6688761e-03  -1.5964314e-03   3.3387959e-03
   2.1950410e-01   1.4178671e-01   4.5900184e-01   5.5684570e-03  -1.7069099e-03   3.1980336e-03
   2.0035325e-01   2.7431874e-02   4.0385386e-01   6.0564181e-03  -2.3232933e-03   2.5627232e-03
   1.7720494e-01   2.5040946e-02   3.6457837e-01   6.1809192e-03  -1.6796593e-03   2.4886668e-03
   1.7241661e-01   5.1872095e-02   3.5253099e-01   6.2885197e-03  -1.7892506e-03   2.5020732e-03
   1.7713842e-01   1.1431748e-01   4.1027343e-01   5.2953873e-03  -2.0659070e-03   2.3870791e-03
   1.9527293e-01   1.4187621e-01   4.7755570e-01   4.9911883e-03  -1.8764703e-03   2.8395783e-03
   1.9720911e-01   7.4176969e-02   4.4043997e-01   5.8199344e-03  -2.0718281e-03   2.8170816e-03
   1.7748788e-01   1.8624786e-02   3.7884498e-01   6.8470729e-03  -1.8677907e-03   2.5411289e-03
   1.7891856e-01   2.3791254e-02   3.6263199e-01   6.9928404e-03  -1.5678928e-03   2.8310906e-03
   1.8940556e-01   4.8995347e-02   3.9443979e-01   7.0736905e-03  -1.1697697e-03   3.1373418e-03
   1.9368569e-01   9.9028311e-02   4.4164395e-01   6.0771890e-03  -9.1179419e-04   3.2583728e-03
   2.0391693e-01   1.3198113e-01   4.8083911e-01   5.6280658e-03  -7.2102782e-04   3.3699375e-03
   2.0707224e-01   6.5739966e-02   4.3870774e-01   6.2025335e-03  -8.4246003e-04   3.3002864e-03
   2.0650189e-01   5.9605134e-02   4.3271597e-01   6.1408035e-03  -6.5679710e-04   3.2631037e-03
   2.0587876e-01   7.5633184e-02   4.1868499e-01   6.0978730e-03  -7.3552892e-04   3.3368691e-03
   2.2015291e-01   1.1966836e-01   4.5657191e-01   6.2723808e-03  -7.3692901e-04   3.4286455e-03
   2.2980219e-01   1.4250716e-01   4.5984853e-01   5.9212085e-03  -1.2796512e-03   3.5033422e-03
   2.2354642e-01   1.5294088e-01   5.1370292e-01   5.2531097e-03  -1.5741990e-03   2.9701199e-03
   2.2304955e-01   2.1654196e-01   6.3210855e-01   3.1226382e-03  -2.2267212e-03   2.5856664e-03
   2.0905963e-01   1.2705500e-01   6.2545436e-01   2.8158649e-03  -1.3558381e-03   2.3235780e-03
   2.1506980e-01  -5.6583726e-03   5.6141063e-01   4.4996959e-03  -1.8389223e-03   2.3925547e-03
   2.2968976e-01   8.8809025e-02   6.1216252e-01   2.8050409e-03  -2.4015004e-03   2.5379056e-03
   2.3994037e-01   1.4720713e-01   6.2908450e-01   2.2835776e-03  -1.1592253e-03   3.4115451e-03
   2.1495263e-01   1.5432826e-01   6.4757552e-01   1.6627986e-03  -8.7956356e-04   2.9166551e-03
   2.0520033e-01   1.5132117e-01   6.1014607e-01   2.0671722e-03  -4.1229928e-04   2.8523325e-03
   1.9334504e-01   1.4286353e-01   5.6390338e-01   2.5920159e-03  -2.3907616e-04   2.8133749e-03
   1.9342558e-01   1.3954568e-01   5.4679632e-01   3.5263601e-03  -3.3220870e-04   2.8026331e-03
   1.9367688e-01   1.4077106e-01   5.4826514e-01   3.9878000e-03  -3.3083351e-04   2.8778020e-03
   1.9354240e-01   1.4397263e-01   5.8489448e-01   3.5945778e-03  -1.1699937e-04   2.9789618e-03
   1.8957673e-01   1.3160643e-01   5.7288176e-01   4.0434957e-03   9.8324450e-06   3.1499338e-03
   1.7931192e-01   1.2684402e-01   5.5739001e-01   3.7856202e-03   3.6679200e-04   3.1115081e-03
   1.8622748e-01   1.2493076e-01   5.3947325e-01   3.9236687e-03   3.2568536e-04   3.2442967e-03
   2.0499289e-01   1.6390924e-01   6.0828177e-01   3.6496627e-03   9.5513305e-05   3.3535574e-03
   2.2657856e-01   2.1548580e-01   6.4743488e-01   4.0269346e-03  -2.0671064e-04   3.4907478e-03
   2.3081302e-01   1.0301016e-01   5.9391658e-01   4.7917575e-03  -3.3438433e-04   3.5836296e-03
   2.2093018e-01   8.0865252e-02   5.6356220e-01   4.6886778e-03  -5.7280551e-04   3.2933919e-03
   2.3562709e-01   6.3207017e-02   5.0167133e-01   5.5470897e-03  -9.4235538e-04   3.6859905e-03
   2.1520945e-01   8.4890537e-02   4.9692874e-01   4.7936357e-03  -7.8730426e-04   3.1976387e-03
   2.1981730e-01   1.0213633e-01   4.8947299e-01   5.1985418e-03  -1.5277086e-03   3.0308376e-03
   2.2531475e-01   1.5720371e-01   5.4547013e-01   4.0931265e-03  -1.9945481e-03   3.1419209e-03
   2.1249125e-01   7.4933095e-02   5.0875725e-01   4.9849687e-03  -2.4162331e-03   2.6481035e-03
   2.0213521e-01   4.1519325e-02   5.0393573e-01   5.1008016e-03  -2.3097471e-03   2.4148577e-03
   1.9300984e-01   7.2833550e-02   4.9439764e-01   5.3080746e-03  -1.6689729e-03   2.5056686e-03
   1.9211760e-01   7.7235728e-02   4.7156080e-01   5.9279738e-03  -1.5987216e-03   2.5982139e-03
   1.8539456e-01   8.0120664e-02   4.6095147e-01   5.9181950e-03  -1.5879993e-03   2.6745700e-03
   1.9661409e-01   1.0748890e-01   5.0292561e-01   5.6538078e-03  -1.5095133e-03   2.8247242e-03
   2.0132916e-01   1.5112238e-01   5.2813408e-01   5.8234133e-03  -1.5903950e-03   2.7068479e-03
   1.9904804e-01   1.2261959e-01   5.0859556e-01   6.1618943e-03  -1.6659577e-03   2.5869493e-03
   2.0827077e-01   7.2773911e-02   4.9218934e-01   6.5964751e-03  -1.9380603e-03   2.5396864e-03
   2.1296111e-01   8.4517700e-02   4.9492923e-01   7.0585246e-03  -2.0738111e-03   2.6322012e-03
   2.0778192e-01   6.8596186e-02   4.6180204e-01   7.4060810e-03  -1.8136214e-03   2.6000882e-03
   2.0375462e-01   8.4614486e-02   4.5050126e-01   7.6980831e-03  -1.6105687e-03   2.6793235e-03
   2.0470340e-01   7.5532907e-02   4.5871080e-01   7.7631714e-03  -1.7461803e-03   2.6697038e-03
   2.0364910e-01   1.1059797e-01   4.9254552e-01   7.5512188e-03  -1.7188340e-03   2.5056360e-03
   2.1290036e-01   1.2437062e-01   4.5848173e-01   7.7215485e-03  -2.6425672e-03   2.5486690e-03
   2.0714446e-01   8.9538417e-02   4.5539444e-01   7.8955789e-03  -3.0009477e-03   2.1649635e-03
   2.0141500e-01   3.0815901e-02   4.6044676e-01   7.7784606e-03  -3.4480374e-03   1.6888128e-03
   1.9749643e-01   1.5184927e-02   4.2951186e-01   8.4241858e-03  -3.3727986e-03   1.7719330e-03
   1.6215215e-01   3.2519602e-02   4.0954648e-01   8.4952153e-03  -2.7430546e-03   1.2691888e-03
   1.6626050e-01   4.6815963e-02   4.1987159e-01   8.7297403e-03  -2.8615376e-03   1.3193976e-03
   1.6346193e-01   3.9769025e-02   4.2874141e-01   8.6922570e-03  -2.9542681e-03   1.2662366e-03
   1.6016342e-01   4.4311512e-02   4.2390085e-01   8.9243873e-03  -3.0946959e-03   1.1583320e-03
   1.5640379e-01   7.3030200e-02   4.3477323e-01   8.6317295e-03  -2.8996874e-03   1.2245536e-03
   1.7154434e-01   1.0462236e-01   4.4667197e-01   8.4731230e-03  -3.0884603e-03   1.5279105e-03
   1.6901745e-01  -2.0054185e-03   3.7416831e-01   9.3143041e-03  -3.1320286e-03   1.4214913e-03
   1.5992027e-01   4.5996185e-03   3.6761588e-01   9.4316300e-03  -2.5901470e-03   1.4965249e-03
   1.5119101e-01   3.7897068e-02   3.5948803e-01   9.2930404e-03  -2.3037801e-03   1.5428213e-03
   1.6483284e-01   6.2630895e-02   3.8460898e-01   9.2235595e-03  -2.0836779e-03   1.8940457e-03
   1.7651981e-01   7.0210794e-02   4.0192989e-01   9.3656579e-03  -1.9509697e-03   2.0576255e-03
   1.7922507e-01   8.0774940e-02   4.1761104e-01   9.2695652e-03  -2.0149346e-03   1.9753061e-03
   1.8327611e-01   5.1846496e-02   3.9647261e-01   9.3883783e-03  -1.9281730e-03   2.1351659e-03
   1.8783843e-01   6.6438000e-02   4.0808498e-01   8.9697464e-03  -1.9116310e-03   2.2240335e-03
   1.7652645e-01   5.8617012e-02   3.8113083e-01   8.6722185e-03  -1.9005771e-03   2.1194390e-03
   1.9157999e-01   9.4164273e-02   4.3178922e-01   9.0054968e-03  -2.3170204e-03   2.1714931e-03
   2.0309219e-01   1.1606618e-01   4.3803861e-01   9.8705789e-03  -2.7930948e-03   2.1121363e-03
   2.1513949e-01   4.7434177e-02   3.8235458e-01   1.0951402e-02  -2.8551477e-03   2.3616809e-03
   2.0843085e-01   1.9411571e-02   4.3054397e-01   1.0057249e-02  -3.0555511e-03   2.0801731e-03
   1.9231007e-01   5.0144099e-02   4.6495890e-01   8.7728188e-03  -2.8963883e-03   1.6488219e-03
   1.8142633e-01   6.6325390e-02   4.5276251e-01   8.5757552e-03  -2.9276320e-03   1.4935757e-03
   1.7760297e-01   6.3119825e-02   4.3235116e-01   8.9466583e-03  -2.8105391e-03   1.5033823e-03
   1.7380947e-01   1.0473648e-01   4.2670764e-01   9.2531477e-03  -2.9352235e-03   1.4079888e-03
   1.6519561e-01   5.2931741e-02   3.7444601e-01   9.6114434e-03  -2.8985863e-03   1.2165304e-03
   1.5535819e-01  -3.7077002e-02   3.0986509e-01   1.0232967e-02  -3.3354665e-03   7.8964359e-04
   1.5733006e-01  -4.6521031e-03   3.0670848e-01   1.0646778e-02  -3.0686796e-03   8.5713538e-04
   1.7104653e-01   3.5166975e-02   3.2170254e-01   1.1092877e-02  -2.7251644e-03   1.3677993e-03
   1.8518122e-01   6.4346132e-02   3.4449666e-01   1.0886433e-02  -2.8023282e-03   1.6934178e-03
   1.9050554e-01   5.6222869e-02   3.4552018e-01   1.0784268e-02  -2.4287370e-03   1.9658288e-03
   1.9412326e-01   4.4721673e-02   3.4549029e-01   1.0916782e-02  -2.2630139e-03   2.1854854e-03
   1.9563693e-01   5.3990728e-02   3.7032076e-01   1.0446130e-02  -2.1313394e-03   2.2481016e-03
   1.9921124e-01   6.2658127e-02   3.6951779e-01   1.0502473e-02  -2.0334005e-03   2.3401492e-03
   1.9970304e-01   4.1215444e-02   3.5433676e-01   1.0408164e-02  -1.7049062e-03   2.5007335e-03
   2.1088996e-01   6.1767092e-02   3.7491856e-01   1.0577784e-02  -1.9821736e-03   2.5519187e-03
   2.2501575e-01   9.5050734e-02   3.9748784e-01   1.0520920e-02  -2.1642380e-03   2.6830903e-03
   2.2133629e-01   1.0416923e-01   4.0717393e-01   9.9284809e-03  -2.5205754e-03   2.2771960e-03
   2.0992402e-01   4.0096454e-02   3.6857233e-01   1.0898222e-02  -3.2527203e-03   1.6358816e-03
   2.1179022e-01   5.4513768e-03   3.8297279e-01   1.0513086e-02  -3.2740423e-03   1.5861193e-03
   2.0819306e-01   3.0483485e-02   3.8979950e-01   1.0695465e-02  -2.7206052e-03   1.7521262e-03
   1.9007760e-01   1.1781893e-02   3.5921013e-01   1.0769518e-02  -2.6856948e-03   1.6269096e-03
   1.9054382e-01   2.1957942e-02   3.8149235e-01   1.0545780e-02  -2.5736534e-03   1.7031132e-03
   1.9321875e-01   1.8523644e-02   3.7904341e-01   1.0912379e-02  -3.0425140e-03   1.6756772e-03
   2.0399499e-01   4.3670353e-02   4.0805856e-01   1.0689244e-02  -3.4128626e-03   1.8867861e-03
